[PointCloud_0]
roll = 0.0
pitch = 0.0
yaw = -0.8354780952760711
x = 11.125212880366014
y = 11.963574822514119
z = 0.0

