[PointCloud_0]
roll = 0.0
pitch = 0.0
yaw = -0.7856009564002019
x = -1.1118045295788925
y = 0.2330779776597609
z = 0.0

